participant,biomarker,measurement,diseased
0,HIP-FCI (1),8.002724783110208,False
1,HIP-FCI (1),3.026470055404685,False
2,HIP-FCI (1),6.055587704708192,False
3,HIP-FCI (1),5.081757689708852,False
4,HIP-FCI (1),3.742323681233448,False
5,HIP-FCI (1),2.764633809872218,False
6,HIP-FCI (1),1.2497647107090137,False
7,HIP-FCI (1),6.40622110383878,False
8,HIP-FCI (1),4.052417576420596,False
9,HIP-FCI (1),1.0578268228717094,False
10,HIP-FCI (1),3.6604469191322053,False
11,HIP-FCI (1),3.023800324991277,False
12,HIP-FCI (1),7.7455651105935,False
13,HIP-FCI (1),1.775067272317155,False
14,HIP-FCI (1),5.5857584603121895,False
15,HIP-FCI (1),4.212353872069193,False
16,HIP-FCI (1),4.213644742098497,False
17,HIP-FCI (1),3.553972059463829,False
18,HIP-FCI (1),4.2129734287065945,False
19,HIP-FCI (1),-0.17722800213881928,False
20,HIP-FCI (1),4.4592135728576014,False
21,HIP-FCI (1),-10.538346379028916,True
22,HIP-FCI (1),2.63918438930993,False
23,HIP-FCI (1),-13.577163111584294,True
24,HIP-FCI (1),3.9328959910160437,False
25,HIP-FCI (1),2.8983995332241097,False
26,HIP-FCI (1),5.092274958189257,False
27,HIP-FCI (1),3.4666773286463384,False
28,HIP-FCI (1),5.112615343349045,False
29,HIP-FCI (1),6.981924020814104,False
30,HIP-FCI (1),7.817614408898995,False
31,HIP-FCI (1),0.6325918691714412,True
32,HIP-FCI (1),3.725210057855799,False
33,HIP-FCI (1),5.377831427396654,False
34,HIP-FCI (1),3.325354635011676,False
35,HIP-FCI (1),5.60417083198508,False
36,HIP-FCI (1),-7.565160177393349,True
37,HIP-FCI (1),6.692211659957447,False
38,HIP-FCI (1),6.796389525842951,False
39,HIP-FCI (1),-5.424560193134942,True
40,HIP-FCI (1),5.938304303875872,False
41,HIP-FCI (1),4.859130853329246,False
42,HIP-FCI (1),4.503732533668446,False
43,HIP-FCI (1),-1.499036216757232,False
44,HIP-FCI (1),7.259063381116356,False
45,HIP-FCI (1),2.769279134205242,False
46,HIP-FCI (1),6.201748250009794,False
47,HIP-FCI (1),2.144267603392816,False
48,HIP-FCI (1),4.829041193194461,False
49,HIP-FCI (1),3.0937665131640166,False
0,PCC-FCI (2),17.26041505893748,False
1,PCC-FCI (2),9.35318971184386,False
2,PCC-FCI (2),3.1859604774133974,False
3,PCC-FCI (2),20.00957033458102,False
4,PCC-FCI (2),18.756429809774694,False
5,PCC-FCI (2),6.393919140330288,False
6,PCC-FCI (2),13.545478390265224,False
7,PCC-FCI (2),16.659455924444114,False
8,PCC-FCI (2),7.880782247954145,False
9,PCC-FCI (2),16.914734876813682,False
10,PCC-FCI (2),16.32065365015154,False
11,PCC-FCI (2),2.4070685384089145,False
12,PCC-FCI (2),15.669951933777178,False
13,PCC-FCI (2),11.040253314967856,False
14,PCC-FCI (2),10.102668052662242,False
15,PCC-FCI (2),14.345349126125202,False
16,PCC-FCI (2),17.511803810890086,False
17,PCC-FCI (2),24.26414695619559,False
18,PCC-FCI (2),7.980795971889214,False
19,PCC-FCI (2),7.430884173472322,False
20,PCC-FCI (2),7.115106601095455,False
21,PCC-FCI (2),12.81936024613556,True
22,PCC-FCI (2),8.690391092935378,False
23,PCC-FCI (2),9.741261684161488,True
24,PCC-FCI (2),14.92920685884519,False
25,PCC-FCI (2),15.331577797443341,False
26,PCC-FCI (2),13.648469620513335,False
27,PCC-FCI (2),14.700258073637757,False
28,PCC-FCI (2),10.834868354425247,False
29,PCC-FCI (2),5.1858216494508085,False
30,PCC-FCI (2),14.488500886423129,False
31,PCC-FCI (2),8.311120681498835,True
32,PCC-FCI (2),15.245017619766543,False
33,PCC-FCI (2),16.64968475023383,False
34,PCC-FCI (2),13.469864822982451,False
35,PCC-FCI (2),13.775965598586676,False
36,PCC-FCI (2),5.528076357207371,True
37,PCC-FCI (2),11.408912760400762,False
38,PCC-FCI (2),8.250186229829936,False
39,PCC-FCI (2),3.1918825004549554,True
40,PCC-FCI (2),11.929031053186826,False
41,PCC-FCI (2),15.147777524362173,False
42,PCC-FCI (2),10.620106615618733,False
43,PCC-FCI (2),13.853321356828076,False
44,PCC-FCI (2),12.008846410293513,False
45,PCC-FCI (2),13.445014994573507,False
46,PCC-FCI (2),9.166139053608028,False
47,PCC-FCI (2),11.43590933954791,False
48,PCC-FCI (2),17.79703874052583,False
49,PCC-FCI (2),5.136216192966717,False
0,AB (3),267.8690205329478,False
1,AB (3),228.17823764283895,False
2,AB (3),252.6014487129943,False
3,AB (3),259.42595962562325,False
4,AB (3),235.6306146095667,False
5,AB (3),275.1341424937433,False
6,AB (3),220.91795817952485,False
7,AB (3),289.37941108529344,False
8,AB (3),197.84994599642172,False
9,AB (3),266.98100041243214,False
10,AB (3),235.56167470023112,False
11,AB (3),275.6526066940153,False
12,AB (3),303.346743350259,False
13,AB (3),239.77387558001695,False
14,AB (3),152.7867512007228,False
15,AB (3),216.82324008479765,False
16,AB (3),256.7865367033567,False
17,AB (3),246.13274701378919,False
18,AB (3),215.00167288433377,False
19,AB (3),314.8457699900262,False
20,AB (3),260.0955000980055,False
21,AB (3),138.2643406286639,True
22,AB (3),387.79037791379756,False
23,AB (3),157.52809085491828,True
24,AB (3),191.47345957961585,False
25,AB (3),310.1629477058249,False
26,AB (3),236.81059197296875,False
27,AB (3),267.39508809852356,False
28,AB (3),264.702107148749,False
29,AB (3),198.0380592610407,False
30,AB (3),173.54535625357767,False
31,AB (3),127.07995999912099,True
32,AB (3),268.2283671913162,False
33,AB (3),195.58941354404513,False
34,AB (3),289.74455339916096,False
35,AB (3),231.9779914504551,False
36,AB (3),150.88906259511225,True
37,AB (3),175.5177302808744,False
38,AB (3),347.5612538871724,False
39,AB (3),162.48623413400136,True
40,AB (3),265.0817616586618,False
41,AB (3),185.13180768286242,False
42,AB (3),124.69650813421839,False
43,AB (3),277.35478306696666,False
44,AB (3),210.47275951660623,False
45,AB (3),314.6446525096903,False
46,AB (3),235.47999599635224,False
47,AB (3),267.134578482284,False
48,AB (3),281.3140597530176,False
49,AB (3),236.04242472661178,False
0,P-Tau (4),-45.138643871369524,False
1,P-Tau (4),-44.49669846288107,False
2,P-Tau (4),-13.605230153724424,False
3,P-Tau (4),-35.553234836537115,False
4,P-Tau (4),1.240137980743114,False
5,P-Tau (4),-8.504782778569915,False
6,P-Tau (4),-23.178671708703103,False
7,P-Tau (4),-10.932021990356798,False
8,P-Tau (4),-20.52638200485142,False
9,P-Tau (4),-17.93714411911088,False
10,P-Tau (4),-23.60874406488317,False
11,P-Tau (4),-29.95973398238884,False
12,P-Tau (4),-24.20545447980534,False
13,P-Tau (4),-42.38100234974175,False
14,P-Tau (4),-46.79588661501913,False
15,P-Tau (4),-35.2236308102338,False
16,P-Tau (4),13.506058113264807,False
17,P-Tau (4),-58.61101150388742,False
18,P-Tau (4),-49.55238457776042,False
19,P-Tau (4),-30.76120882440775,False
20,P-Tau (4),-25.647250642634663,False
21,P-Tau (4),-65.1024814556238,True
22,P-Tau (4),-7.645946805086737,False
23,P-Tau (4),-62.48560065226451,True
24,P-Tau (4),-48.9046909945687,False
25,P-Tau (4),-14.38211273956361,False
26,P-Tau (4),-32.72206899516451,False
27,P-Tau (4),-34.27993625255302,False
28,P-Tau (4),-50.16287521726211,False
29,P-Tau (4),-21.07223217433943,False
30,P-Tau (4),8.779651587386546,False
31,P-Tau (4),8.30802450452883,True
32,P-Tau (4),-31.576187640395187,False
33,P-Tau (4),-49.6522972295184,False
34,P-Tau (4),-33.00743232530352,False
35,P-Tau (4),-15.274431210287608,False
36,P-Tau (4),-13.308863499173498,True
37,P-Tau (4),-1.9305814999017201,False
38,P-Tau (4),-39.94210357620094,False
39,P-Tau (4),-14.67003288002521,True
40,P-Tau (4),-17.898253897757186,False
41,P-Tau (4),-57.30280179731972,False
42,P-Tau (4),-39.29877309936995,False
43,P-Tau (4),4.395984492656233,False
44,P-Tau (4),-22.635369529304448,False
45,P-Tau (4),-17.438812262383863,False
46,P-Tau (4),-22.61810583888634,False
47,P-Tau (4),-37.681184791773816,False
48,P-Tau (4),-18.8452204052071,False
49,P-Tau (4),-20.30881495682296,False
0,MMSE (5),27.997030577919944,False
1,MMSE (5),29.159578584753422,False
2,MMSE (5),28.66930771722811,False
3,MMSE (5),27.74829099651146,False
4,MMSE (5),27.71147610187827,False
5,MMSE (5),27.89047027158314,False
6,MMSE (5),27.949532315852785,False
7,MMSE (5),28.050395740495258,False
8,MMSE (5),28.23911463278023,False
9,MMSE (5),28.247484945157506,False
10,MMSE (5),27.43359602959324,False
11,MMSE (5),27.646661057854562,False
12,MMSE (5),28.61110319254973,False
13,MMSE (5),28.40874875755772,False
14,MMSE (5),28.72455385651224,False
15,MMSE (5),26.92990040207659,False
16,MMSE (5),27.475204838561893,False
17,MMSE (5),27.56759959473111,False
18,MMSE (5),28.802930861022055,False
19,MMSE (5),28.569722823235605,False
20,MMSE (5),28.710883035444173,False
21,MMSE (5),27.289441318691082,True
22,MMSE (5),27.47905063888179,False
23,MMSE (5),21.411570112490438,True
24,MMSE (5),28.42656805011492,False
25,MMSE (5),28.372226641130094,False
26,MMSE (5),28.819835873959516,False
27,MMSE (5),27.265187800630518,False
28,MMSE (5),28.429460348793125,False
29,MMSE (5),28.97522819012305,False
30,MMSE (5),27.736660083000803,False
31,MMSE (5),28.63124105866375,True
32,MMSE (5),28.489498397456916,False
33,MMSE (5),27.422328428482068,False
34,MMSE (5),27.86182280301955,False
35,MMSE (5),27.040984900673042,False
36,MMSE (5),21.142540132952195,True
37,MMSE (5),28.722035666737877,False
38,MMSE (5),28.636281517587495,False
39,MMSE (5),24.05278781499631,True
40,MMSE (5),28.562829278454355,False
41,MMSE (5),27.300605846000025,False
42,MMSE (5),27.873260749545178,False
43,MMSE (5),27.675492526138115,False
44,MMSE (5),28.145047570373357,False
45,MMSE (5),26.87322670468205,False
46,MMSE (5),27.63736151880845,False
47,MMSE (5),27.50594633087685,False
48,MMSE (5),27.779239744820316,False
49,MMSE (5),28.85498748912211,False
0,ADAS (6),-5.124700086564886,False
1,ADAS (6),-6.661214304589536,False
2,ADAS (6),-6.823876059610134,False
3,ADAS (6),-7.454861490158927,False
4,ADAS (6),-6.9806443897897,False
5,ADAS (6),-7.432486477637912,False
6,ADAS (6),-5.730514139941387,False
7,ADAS (6),-7.902365134652976,False
8,ADAS (6),-4.236723373644223,False
9,ADAS (6),-5.489657119638985,False
10,ADAS (6),-6.680829957197503,False
11,ADAS (6),-6.314872839803923,False
12,ADAS (6),-5.505404219874119,False
13,ADAS (6),-6.267106268546091,False
14,ADAS (6),-6.067472084148457,False
15,ADAS (6),-5.027534127976191,False
16,ADAS (6),-5.22628744436759,False
17,ADAS (6),-5.095947030501337,False
18,ADAS (6),-3.879065617165251,False
19,ADAS (6),-6.651958751789393,False
20,ADAS (6),-7.2288452326637485,False
21,ADAS (6),-6.461495033564232,True
22,ADAS (6),-7.783196322037721,False
23,ADAS (6),-22.118121836502677,True
24,ADAS (6),-4.994174793813932,False
25,ADAS (6),-11.029700208163645,False
26,ADAS (6),-7.473822809692167,False
27,ADAS (6),-5.597711875331906,False
28,ADAS (6),-6.306576642137753,False
29,ADAS (6),-5.6291649309226255,False
30,ADAS (6),-7.1726129529390885,False
31,ADAS (6),-6.505601416017535,True
32,ADAS (6),-4.1768284982591055,False
33,ADAS (6),-5.836607872618613,False
34,ADAS (6),-6.774710096682554,False
35,ADAS (6),-3.1749292923609054,False
36,ADAS (6),-31.868734839935776,True
37,ADAS (6),-6.398921512356032,False
38,ADAS (6),-5.274050167729097,False
39,ADAS (6),-12.001984715820054,True
40,ADAS (6),-6.135478521026698,False
41,ADAS (6),-4.47116404332066,False
42,ADAS (6),-3.9780962802505413,False
43,ADAS (6),-5.874461125070605,False
44,ADAS (6),-6.9016427412999475,False
45,ADAS (6),-6.970926703246999,False
46,ADAS (6),-6.177935411383006,False
47,ADAS (6),-6.316554262312728,False
48,ADAS (6),-3.581352514809667,False
49,ADAS (6),-5.623397566286335,False
0,HIP-GMI (7),0.09938232512510403,False
1,HIP-GMI (7),0.4767595802073805,False
2,HIP-GMI (7),0.8251359847766087,False
3,HIP-GMI (7),0.10187462784312484,False
4,HIP-GMI (7),0.45828325336368897,False
5,HIP-GMI (7),0.6037098356117315,False
6,HIP-GMI (7),0.561973451898302,False
7,HIP-GMI (7),0.3684894766580301,False
8,HIP-GMI (7),0.39675324401104484,False
9,HIP-GMI (7),0.4745299847255556,False
10,HIP-GMI (7),0.3973089522731298,False
11,HIP-GMI (7),0.8238443862056002,False
12,HIP-GMI (7),0.5430774515004348,False
13,HIP-GMI (7),0.29806405736063435,False
14,HIP-GMI (7),0.33393748467477524,False
15,HIP-GMI (7),0.5880991836535051,False
16,HIP-GMI (7),0.35438197350560946,False
17,HIP-GMI (7),0.2833313655902254,False
18,HIP-GMI (7),0.10690111706352906,False
19,HIP-GMI (7),0.8108223692983954,False
20,HIP-GMI (7),0.5877672840118828,False
21,HIP-GMI (7),0.39862892710405573,True
22,HIP-GMI (7),0.17236400619341316,False
23,HIP-GMI (7),-0.6786818153390375,True
24,HIP-GMI (7),0.17624880151468156,False
25,HIP-GMI (7),0.46081360811561933,False
26,HIP-GMI (7),0.6403695461589045,False
27,HIP-GMI (7),0.623389974929784,False
28,HIP-GMI (7),0.48367521578485656,False
29,HIP-GMI (7),0.3421546937682133,False
30,HIP-GMI (7),0.7441252854869456,False
31,HIP-GMI (7),0.20897936797833636,True
32,HIP-GMI (7),0.14461752705308267,False
33,HIP-GMI (7),0.2142464191444758,False
34,HIP-GMI (7),0.5239586169817775,False
35,HIP-GMI (7),0.08685629423316371,False
36,HIP-GMI (7),0.2226529489849655,True
37,HIP-GMI (7),0.8919339626583088,False
38,HIP-GMI (7),0.36405335276400785,False
39,HIP-GMI (7),0.6602420253500327,True
40,HIP-GMI (7),0.31838018307522775,False
41,HIP-GMI (7),0.6492180692942405,False
42,HIP-GMI (7),0.437506713797407,False
43,HIP-GMI (7),0.23537681056508059,False
44,HIP-GMI (7),0.6667545128802387,False
45,HIP-GMI (7),0.6875374605843281,False
46,HIP-GMI (7),0.7028367442757983,False
47,HIP-GMI (7),0.5724748869926951,False
48,HIP-GMI (7),0.5894250376059968,False
49,HIP-GMI (7),0.5880712230065085,False
0,AVLT-Sum (8),45.926830902730124,False
1,AVLT-Sum (8),36.12141181789114,False
2,AVLT-Sum (8),20.1935354498006,False
3,AVLT-Sum (8),49.45617236152348,False
4,AVLT-Sum (8),55.47179627304209,False
5,AVLT-Sum (8),20.7940908292814,False
6,AVLT-Sum (8),28.62445373652386,False
7,AVLT-Sum (8),28.457280397349415,False
8,AVLT-Sum (8),55.62759638819233,False
9,AVLT-Sum (8),34.616300371920694,False
10,AVLT-Sum (8),17.719372236046823,False
11,AVLT-Sum (8),39.25298546410535,False
12,AVLT-Sum (8),37.717105623875646,False
13,AVLT-Sum (8),47.79762596466462,False
14,AVLT-Sum (8),64.64877421364045,False
15,AVLT-Sum (8),32.85434878898257,False
16,AVLT-Sum (8),48.4872677024214,False
17,AVLT-Sum (8),60.40669303727886,False
18,AVLT-Sum (8),22.27475536470305,False
19,AVLT-Sum (8),42.98826974520786,False
20,AVLT-Sum (8),52.79122705861437,False
21,AVLT-Sum (8),51.516837030170294,True
22,AVLT-Sum (8),39.674637107293975,False
23,AVLT-Sum (8),41.73492740638939,True
24,AVLT-Sum (8),48.435965159394385,False
25,AVLT-Sum (8),39.61832024961185,False
26,AVLT-Sum (8),42.65218695595787,False
27,AVLT-Sum (8),38.29245475927178,False
28,AVLT-Sum (8),34.89534808800686,False
29,AVLT-Sum (8),18.623647851351034,False
30,AVLT-Sum (8),39.253663595545476,False
31,AVLT-Sum (8),25.464813538626906,True
32,AVLT-Sum (8),30.950621737866285,False
33,AVLT-Sum (8),32.69172765362963,False
34,AVLT-Sum (8),41.3358405810883,False
35,AVLT-Sum (8),53.79710890847482,False
36,AVLT-Sum (8),42.755684846334226,True
37,AVLT-Sum (8),34.76686809861003,False
38,AVLT-Sum (8),56.20799468076636,False
39,AVLT-Sum (8),28.556710882802705,True
40,AVLT-Sum (8),27.57526524675174,False
41,AVLT-Sum (8),44.980579117781275,False
42,AVLT-Sum (8),61.01332429394212,False
43,AVLT-Sum (8),22.356144026195782,False
44,AVLT-Sum (8),11.674766635350252,False
45,AVLT-Sum (8),44.47502867597942,False
46,AVLT-Sum (8),25.482702029619162,False
47,AVLT-Sum (8),32.32999241579358,False
48,AVLT-Sum (8),36.948829960829315,False
49,AVLT-Sum (8),21.61175942165268,False
0,FUS-GMI (9),0.6286575796548153,False
1,FUS-GMI (9),0.7055648585868082,False
2,FUS-GMI (9),0.5558981318789854,False
3,FUS-GMI (9),0.638744387494187,False
4,FUS-GMI (9),0.610733971781023,False
5,FUS-GMI (9),0.5524621269960485,False
6,FUS-GMI (9),0.6947321348207944,False
7,FUS-GMI (9),0.505150548765639,False
8,FUS-GMI (9),0.6934843217848348,False
9,FUS-GMI (9),0.4732243134416003,False
10,FUS-GMI (9),0.6200456742863071,False
11,FUS-GMI (9),0.6057746175325694,False
12,FUS-GMI (9),0.5017408034638694,False
13,FUS-GMI (9),0.5682280639627724,False
14,FUS-GMI (9),0.5144900503950735,False
15,FUS-GMI (9),0.6108893297027532,False
16,FUS-GMI (9),0.5995192426894163,False
17,FUS-GMI (9),0.6668265515229305,False
18,FUS-GMI (9),0.4820992095275388,False
19,FUS-GMI (9),0.5745331805237679,False
20,FUS-GMI (9),0.5554875138709953,False
21,FUS-GMI (9),0.5593008902622867,True
22,FUS-GMI (9),0.6023151858906126,False
23,FUS-GMI (9),0.5286303726869489,True
24,FUS-GMI (9),0.5805578379723498,False
25,FUS-GMI (9),0.5901969662102444,False
26,FUS-GMI (9),0.5463796236478382,False
27,FUS-GMI (9),0.6278901667259482,False
28,FUS-GMI (9),0.6213574126249403,False
29,FUS-GMI (9),0.5872482223713245,False
30,FUS-GMI (9),0.5755064933747934,False
31,FUS-GMI (9),0.6082252291717455,True
32,FUS-GMI (9),0.6628414560146585,False
33,FUS-GMI (9),0.53499999205998,False
34,FUS-GMI (9),0.7062771266892143,False
35,FUS-GMI (9),0.5252584880707184,False
36,FUS-GMI (9),0.5706354530086492,True
37,FUS-GMI (9),0.524192018638775,False
38,FUS-GMI (9),0.5000134140754536,False
39,FUS-GMI (9),0.464009070854899,True
40,FUS-GMI (9),0.5405511782571819,False
41,FUS-GMI (9),0.546521989989336,False
42,FUS-GMI (9),0.5737528727493703,False
43,FUS-GMI (9),0.5524594688842027,False
44,FUS-GMI (9),0.5857636914611342,False
45,FUS-GMI (9),0.5993427374340016,False
46,FUS-GMI (9),0.7284441806090094,False
47,FUS-GMI (9),0.7217795874413411,False
48,FUS-GMI (9),0.4948533899544864,False
49,FUS-GMI (9),0.5984978548354961,False
0,FUS-FCI (10),-7.679857586790439,False
1,FUS-FCI (10),-5.5987967097272024,False
2,FUS-FCI (10),-6.883166706286593,False
3,FUS-FCI (10),-5.6848039351962765,False
4,FUS-FCI (10),-11.951762747077789,False
5,FUS-FCI (10),-7.929940488199671,False
6,FUS-FCI (10),-7.579687370174117,False
7,FUS-FCI (10),-9.138490696956708,False
8,FUS-FCI (10),-6.166114546167693,False
9,FUS-FCI (10),-10.363049093024744,False
10,FUS-FCI (10),-10.35357417815917,False
11,FUS-FCI (10),-14.95690956558466,False
12,FUS-FCI (10),-6.570485507322723,False
13,FUS-FCI (10),-5.370066750538972,False
14,FUS-FCI (10),-11.952192666137865,False
15,FUS-FCI (10),-14.308820409197805,False
16,FUS-FCI (10),-11.870660368030531,False
17,FUS-FCI (10),-10.507795452747452,False
18,FUS-FCI (10),-13.212847435773913,False
19,FUS-FCI (10),-1.4919199154297296,False
20,FUS-FCI (10),-9.455853314257741,False
21,FUS-FCI (10),-10.619246528905286,True
22,FUS-FCI (10),-12.481202003102855,False
23,FUS-FCI (10),-13.342280996776065,True
24,FUS-FCI (10),-8.995692744821467,False
25,FUS-FCI (10),-12.101926633236733,False
26,FUS-FCI (10),-10.966606320231046,False
27,FUS-FCI (10),-11.253423835165808,False
28,FUS-FCI (10),-13.575209347096404,False
29,FUS-FCI (10),-10.066256703473647,False
30,FUS-FCI (10),-9.270713370215896,False
31,FUS-FCI (10),-12.160054313965423,True
32,FUS-FCI (10),-7.603531447283152,False
33,FUS-FCI (10),-12.068097148649676,False
34,FUS-FCI (10),-13.651573455458445,False
35,FUS-FCI (10),-6.163723229227491,False
36,FUS-FCI (10),-7.43393049559734,True
37,FUS-FCI (10),-10.519578112503352,False
38,FUS-FCI (10),-5.474760710222703,False
39,FUS-FCI (10),-9.644920743126567,True
40,FUS-FCI (10),-6.091829242178923,False
41,FUS-FCI (10),-10.436008805219515,False
42,FUS-FCI (10),-10.842295270826027,False
43,FUS-FCI (10),-11.149995080285958,False
44,FUS-FCI (10),-7.783113114569181,False
45,FUS-FCI (10),-8.529331350948366,False
46,FUS-FCI (10),-3.735518742060046,False
47,FUS-FCI (10),-9.033419992204893,False
48,FUS-FCI (10),-8.756828194126927,False
49,FUS-FCI (10),-9.585962268984982,False
