participant,biomarker,measurement,diseased
0,HIP-FCI (1),5.152527838803921,False
1,HIP-FCI (1),5.04354138922339,False
2,HIP-FCI (1),4.641951814788573,False
3,HIP-FCI (1),1.6097212109276198,False
4,HIP-FCI (1),5.590886577144877,False
5,HIP-FCI (1),5.582044296871715,False
6,HIP-FCI (1),2.918171651507429,False
7,HIP-FCI (1),3.675921101855197,False
8,HIP-FCI (1),3.98564897347845,False
9,HIP-FCI (1),8.413143425595555,False
10,HIP-FCI (1),7.508245673347179,False
11,HIP-FCI (1),4.073557032010743,False
12,HIP-FCI (1),4.236469544917965,False
13,HIP-FCI (1),6.07461702359486,False
14,HIP-FCI (1),7.682771138363856,False
15,HIP-FCI (1),5.278413336944876,False
16,HIP-FCI (1),3.816167621040628,False
17,HIP-FCI (1),-15.721615233408551,True
18,HIP-FCI (1),4.69840529223031,False
19,HIP-FCI (1),7.116544578868756,False
20,HIP-FCI (1),5.177385030402458,False
21,HIP-FCI (1),3.315696606076335,False
22,HIP-FCI (1),6.240338541909644,False
23,HIP-FCI (1),6.644166476851133,False
24,HIP-FCI (1),5.3909522065569995,False
25,HIP-FCI (1),6.987106526268116,False
26,HIP-FCI (1),8.074286219851947,False
27,HIP-FCI (1),3.9176416670375533,False
28,HIP-FCI (1),4.956243576354728,False
29,HIP-FCI (1),4.1967388469350935,False
30,HIP-FCI (1),3.857198200804444,False
31,HIP-FCI (1),3.2075027914410805,False
32,HIP-FCI (1),10.551413502550282,True
33,HIP-FCI (1),0.7464789179784512,False
34,HIP-FCI (1),5.433509799738578,False
35,HIP-FCI (1),2.1876258247207527,True
36,HIP-FCI (1),-8.144133985649662,True
37,HIP-FCI (1),3.792464044958046,False
38,HIP-FCI (1),5.385300316712461,False
39,HIP-FCI (1),4.763436950074057,False
40,HIP-FCI (1),3.155785386660811,False
41,HIP-FCI (1),6.070369882628942,False
42,HIP-FCI (1),4.129283368597806,False
43,HIP-FCI (1),3.836136644687005,False
44,HIP-FCI (1),3.2119270136947864,False
45,HIP-FCI (1),-0.9849367751393849,True
46,HIP-FCI (1),6.130789620488367,False
47,HIP-FCI (1),5.549399843472092,False
48,HIP-FCI (1),4.323849048998541,False
49,HIP-FCI (1),3.5552876603810435,False
0,PCC-FCI (2),14.680417419313917,False
1,PCC-FCI (2),11.789010767028483,False
2,PCC-FCI (2),8.868765688144135,False
3,PCC-FCI (2),8.342021848021645,False
4,PCC-FCI (2),7.806377925821955,False
5,PCC-FCI (2),9.443013557694314,False
6,PCC-FCI (2),5.079946194909912,False
7,PCC-FCI (2),12.536959788345355,False
8,PCC-FCI (2),14.130886399556157,False
9,PCC-FCI (2),11.210218280449316,False
10,PCC-FCI (2),14.63055961527109,False
11,PCC-FCI (2),7.315372663897828,False
12,PCC-FCI (2),12.445917230359791,False
13,PCC-FCI (2),18.780830235838533,False
14,PCC-FCI (2),10.868103091135453,False
15,PCC-FCI (2),14.938306010424762,False
16,PCC-FCI (2),7.239256552631011,False
17,PCC-FCI (2),7.532463106226945,True
18,PCC-FCI (2),12.167483147448001,False
19,PCC-FCI (2),4.195896877914976,False
20,PCC-FCI (2),7.075068005068937,False
21,PCC-FCI (2),8.847564289500871,False
22,PCC-FCI (2),12.641751875934284,False
23,PCC-FCI (2),15.013018763014937,False
24,PCC-FCI (2),10.575179610276708,False
25,PCC-FCI (2),8.746467316393739,False
26,PCC-FCI (2),11.673705647238899,False
27,PCC-FCI (2),5.216691116077429,False
28,PCC-FCI (2),15.524222708032955,False
29,PCC-FCI (2),7.569602637888854,False
30,PCC-FCI (2),16.410379868339756,False
31,PCC-FCI (2),12.813574766010225,False
32,PCC-FCI (2),3.878248233571626,True
33,PCC-FCI (2),8.439544414882283,False
34,PCC-FCI (2),15.016133517728719,False
35,PCC-FCI (2),6.935587241871967,True
36,PCC-FCI (2),10.478089672155797,True
37,PCC-FCI (2),17.717979840940803,False
38,PCC-FCI (2),20.096847231053463,False
39,PCC-FCI (2),16.076157867122713,False
40,PCC-FCI (2),9.65156210133964,False
41,PCC-FCI (2),10.374551105861467,False
42,PCC-FCI (2),16.675688642746625,False
43,PCC-FCI (2),11.667221323039394,False
44,PCC-FCI (2),15.142376931048888,False
45,PCC-FCI (2),4.898343322030058,True
46,PCC-FCI (2),16.308317498517887,False
47,PCC-FCI (2),18.72490201894759,False
48,PCC-FCI (2),12.147892829898113,False
49,PCC-FCI (2),14.047010537542501,False
0,AB (3),108.59188465781187,False
1,AB (3),320.2799083009046,False
2,AB (3),261.4576952606631,False
3,AB (3),285.4789993871034,False
4,AB (3),320.2981471567443,False
5,AB (3),209.98793864849492,False
6,AB (3),249.77928836890163,False
7,AB (3),244.4609931944203,False
8,AB (3),136.04867554723364,False
9,AB (3),288.37512794518096,False
10,AB (3),234.7427787111242,False
11,AB (3),183.24945212203085,False
12,AB (3),210.8416609718157,False
13,AB (3),145.4757460935706,False
14,AB (3),242.95090434646067,False
15,AB (3),220.62861565629942,False
16,AB (3),257.3175180033226,False
17,AB (3),120.72565920623369,True
18,AB (3),243.27251441271653,False
19,AB (3),257.2458395182945,False
20,AB (3),280.7840463460795,False
21,AB (3),247.12648708721395,False
22,AB (3),281.05981866082084,False
23,AB (3),310.4485124844285,False
24,AB (3),285.93556864806607,False
25,AB (3),324.44887040812364,False
26,AB (3),299.7331441988222,False
27,AB (3),215.79424131967778,False
28,AB (3),263.45076641566783,False
29,AB (3),202.06271399400882,False
30,AB (3),211.23356960678694,False
31,AB (3),322.48635978983674,False
32,AB (3),204.25850703997935,True
33,AB (3),326.8169405769277,False
34,AB (3),217.9260245786404,False
35,AB (3),172.441586230192,True
36,AB (3),202.88054780504714,True
37,AB (3),321.42550747490213,False
38,AB (3),147.88760131891823,False
39,AB (3),313.86600421095324,False
40,AB (3),254.31478691493177,False
41,AB (3),210.22208511248203,False
42,AB (3),299.5702829039039,False
43,AB (3),244.0374503709564,False
44,AB (3),171.7123094398741,False
45,AB (3),189.4298430140259,True
46,AB (3),316.190983538976,False
47,AB (3),258.8591159084593,False
48,AB (3),240.02541262429645,False
49,AB (3),322.10992963809105,False
0,P-Tau (4),-7.978219708332002,False
1,P-Tau (4),-12.543200208677492,False
2,P-Tau (4),-66.56490464096652,False
3,P-Tau (4),-5.726649192797382,False
4,P-Tau (4),-25.36085381759264,False
5,P-Tau (4),-38.33666632268341,False
6,P-Tau (4),-4.7739362452319725,False
7,P-Tau (4),-15.944010174497459,False
8,P-Tau (4),-5.425022016513537,False
9,P-Tau (4),-22.40970316567609,False
10,P-Tau (4),-32.54113145117336,False
11,P-Tau (4),-16.250279423929566,False
12,P-Tau (4),-32.94049573099696,False
13,P-Tau (4),-10.719017591281567,False
14,P-Tau (4),-11.677480185098563,False
15,P-Tau (4),-18.67163755045921,False
16,P-Tau (4),-7.812320065355589,False
17,P-Tau (4),-28.24411878720573,True
18,P-Tau (4),-28.146704582896945,False
19,P-Tau (4),-27.106065369445936,False
20,P-Tau (4),-12.742381863351806,False
21,P-Tau (4),13.262980137643474,False
22,P-Tau (4),-44.61071597366231,False
23,P-Tau (4),-13.091851463506712,False
24,P-Tau (4),6.6786956305430785,False
25,P-Tau (4),-16.078183192161895,False
26,P-Tau (4),-24.268382955842092,False
27,P-Tau (4),-10.654373777337874,False
28,P-Tau (4),-15.87904683019624,False
29,P-Tau (4),-13.815875617243558,False
30,P-Tau (4),-75.97302087269347,False
31,P-Tau (4),-23.09171094315183,False
32,P-Tau (4),-12.738549616555632,True
33,P-Tau (4),-36.35843191073935,False
34,P-Tau (4),3.966812628925144,False
35,P-Tau (4),-11.431596193480411,True
36,P-Tau (4),-2.3016599529574435,True
37,P-Tau (4),-8.653730479678277,False
38,P-Tau (4),-13.243185531127041,False
39,P-Tau (4),-23.350385939866154,False
40,P-Tau (4),-16.958251159740335,False
41,P-Tau (4),-32.41294598816219,False
42,P-Tau (4),-3.5487240938625817,False
43,P-Tau (4),3.8890063354686646,False
44,P-Tau (4),-28.580882529974314,False
45,P-Tau (4),-29.920445547839265,True
46,P-Tau (4),-13.233419387668388,False
47,P-Tau (4),-29.492331689241386,False
48,P-Tau (4),-13.789807664020477,False
49,P-Tau (4),-19.61874179772857,False
0,MMSE (5),27.360236826794573,False
1,MMSE (5),28.12921043084308,False
2,MMSE (5),28.46008318010854,False
3,MMSE (5),26.56132974658253,False
4,MMSE (5),27.751832957332923,False
5,MMSE (5),28.913381560889142,False
6,MMSE (5),28.50470537286435,False
7,MMSE (5),28.14975901576625,False
8,MMSE (5),28.711322207263542,False
9,MMSE (5),29.17328418927217,False
10,MMSE (5),28.323109918804466,False
11,MMSE (5),28.567202021852367,False
12,MMSE (5),27.45391987978151,False
13,MMSE (5),27.67847727548461,False
14,MMSE (5),27.63241839467969,False
15,MMSE (5),27.988797147386112,False
16,MMSE (5),28.10954325235653,False
17,MMSE (5),21.961812438042788,True
18,MMSE (5),27.4450366744753,False
19,MMSE (5),27.302189579946088,False
20,MMSE (5),27.236115148763393,False
21,MMSE (5),27.88115711878462,False
22,MMSE (5),29.178741796738127,False
23,MMSE (5),28.018974555571234,False
24,MMSE (5),27.859625304558374,False
25,MMSE (5),27.63397605516331,False
26,MMSE (5),26.50567897091756,False
27,MMSE (5),27.68416928661171,False
28,MMSE (5),27.70443881272978,False
29,MMSE (5),27.928612719017757,False
30,MMSE (5),28.529376506093243,False
31,MMSE (5),27.946276723121475,False
32,MMSE (5),27.735228500217186,True
33,MMSE (5),27.532348788071697,False
34,MMSE (5),28.27324507062294,False
35,MMSE (5),27.958040489109443,True
36,MMSE (5),28.10559617572875,True
37,MMSE (5),28.525877912178775,False
38,MMSE (5),28.654307693635563,False
39,MMSE (5),28.05135498602667,False
40,MMSE (5),27.28527210967982,False
41,MMSE (5),28.310021729436915,False
42,MMSE (5),27.97749959531856,False
43,MMSE (5),29.72521555939005,False
44,MMSE (5),28.092571174815394,False
45,MMSE (5),27.928322212913827,True
46,MMSE (5),27.182838480684108,False
47,MMSE (5),28.206061199835045,False
48,MMSE (5),27.212283577847007,False
49,MMSE (5),28.12542335015476,False
0,ADAS (6),-8.224826456874625,False
1,ADAS (6),-4.5178223930346775,False
2,ADAS (6),-5.344842319006679,False
3,ADAS (6),-6.664053126335071,False
4,ADAS (6),-8.290913266310156,False
5,ADAS (6),-7.947174934927217,False
6,ADAS (6),-5.7124656217333865,False
7,ADAS (6),-2.5999538182561253,False
8,ADAS (6),-7.73609447766106,False
9,ADAS (6),-5.0104561850512415,False
10,ADAS (6),-6.935327373572738,False
11,ADAS (6),-5.987767038823346,False
12,ADAS (6),-6.444662232264588,False
13,ADAS (6),-5.820410908242826,False
14,ADAS (6),-3.1187916550650043,False
15,ADAS (6),-3.8457576525647417,False
16,ADAS (6),-5.167566517086833,False
17,ADAS (6),-15.492874196758262,True
18,ADAS (6),-6.252178378790413,False
19,ADAS (6),-5.291129143134667,False
20,ADAS (6),-6.878474091977568,False
21,ADAS (6),-5.830031441013592,False
22,ADAS (6),-6.162036676217949,False
23,ADAS (6),-4.884632014073983,False
24,ADAS (6),-6.123079496154642,False
25,ADAS (6),-5.727813574163039,False
26,ADAS (6),-6.763535081312665,False
27,ADAS (6),-4.753636571397518,False
28,ADAS (6),-5.599436321136086,False
29,ADAS (6),-2.1144988159699376,False
30,ADAS (6),-6.823012158157033,False
31,ADAS (6),-5.863435417015236,False
32,ADAS (6),-5.614511778155495,True
33,ADAS (6),-7.623876242646666,False
34,ADAS (6),-6.155852689301598,False
35,ADAS (6),-8.545786589542068,True
36,ADAS (6),-6.656648112730208,True
37,ADAS (6),-4.459130959914578,False
38,ADAS (6),-6.4572434812686135,False
39,ADAS (6),-5.732671528337145,False
40,ADAS (6),-4.931192737659731,False
41,ADAS (6),-6.07206239484049,False
42,ADAS (6),-6.209070069118189,False
43,ADAS (6),-6.133236332113652,False
44,ADAS (6),-7.665333257086725,False
45,ADAS (6),-6.190718578343677,True
46,ADAS (6),-4.854110451327573,False
47,ADAS (6),-6.586011023439306,False
48,ADAS (6),-6.923639313279411,False
49,ADAS (6),-5.408169325004569,False
0,HIP-GMI (7),0.4645040105548999,False
1,HIP-GMI (7),0.3520446216886485,False
2,HIP-GMI (7),0.017599999758886098,False
3,HIP-GMI (7),0.47653802159326797,False
4,HIP-GMI (7),0.7924259605155588,False
5,HIP-GMI (7),0.2608471139201493,False
6,HIP-GMI (7),0.32599701639595047,False
7,HIP-GMI (7),0.7496861102316127,False
8,HIP-GMI (7),0.17167200998833707,False
9,HIP-GMI (7),0.7193284385373786,False
10,HIP-GMI (7),0.1828625955504971,False
11,HIP-GMI (7),0.47760106402444863,False
12,HIP-GMI (7),0.5990585973425318,False
13,HIP-GMI (7),0.5954678564764483,False
14,HIP-GMI (7),0.6378148652494118,False
15,HIP-GMI (7),0.24536957712979804,False
16,HIP-GMI (7),0.7808406456341975,False
17,HIP-GMI (7),0.2774099131631793,True
18,HIP-GMI (7),-0.09894614166157129,False
19,HIP-GMI (7),0.2922724395805594,False
20,HIP-GMI (7),0.38125462677315014,False
21,HIP-GMI (7),0.5199439215702409,False
22,HIP-GMI (7),0.4079714278157538,False
23,HIP-GMI (7),0.5385074227618617,False
24,HIP-GMI (7),0.36817390919192095,False
25,HIP-GMI (7),0.04195183837121902,False
26,HIP-GMI (7),0.4442991725356568,False
27,HIP-GMI (7),0.7563636446182962,False
28,HIP-GMI (7),0.2900279546285781,False
29,HIP-GMI (7),0.6161464842654183,False
30,HIP-GMI (7),0.746742081549393,False
31,HIP-GMI (7),0.5957791855223942,False
32,HIP-GMI (7),0.43093452192372605,True
33,HIP-GMI (7),0.5352946675933816,False
34,HIP-GMI (7),0.27893866762495556,False
35,HIP-GMI (7),0.4696664687826495,True
36,HIP-GMI (7),0.08923441497975076,True
37,HIP-GMI (7),0.5267604441473203,False
38,HIP-GMI (7),0.5055703384108954,False
39,HIP-GMI (7),0.6421218822964387,False
40,HIP-GMI (7),-0.013866745178865103,False
41,HIP-GMI (7),0.3931440190597428,False
42,HIP-GMI (7),0.5989803657397648,False
43,HIP-GMI (7),0.40328175841205244,False
44,HIP-GMI (7),0.5999061731815735,False
45,HIP-GMI (7),0.5930806847185184,True
46,HIP-GMI (7),0.4168636036332971,False
47,HIP-GMI (7),0.43780915528993486,False
48,HIP-GMI (7),0.39078575952755296,False
49,HIP-GMI (7),0.18004765278906928,False
0,AVLT-Sum (8),50.508173280240854,False
1,AVLT-Sum (8),26.11150639527448,False
2,AVLT-Sum (8),40.920302647572576,False
3,AVLT-Sum (8),30.861757930751942,False
4,AVLT-Sum (8),51.291678890460815,False
5,AVLT-Sum (8),35.18134121070707,False
6,AVLT-Sum (8),44.39850543700337,False
7,AVLT-Sum (8),62.45105748277766,False
8,AVLT-Sum (8),27.982419838282276,False
9,AVLT-Sum (8),23.83487215324806,False
10,AVLT-Sum (8),47.21911738407299,False
11,AVLT-Sum (8),41.73874866260656,False
12,AVLT-Sum (8),33.90129474016603,False
13,AVLT-Sum (8),56.24879733537017,False
14,AVLT-Sum (8),72.63362983930591,False
15,AVLT-Sum (8),55.69242657593078,False
16,AVLT-Sum (8),44.05039670768277,False
17,AVLT-Sum (8),14.511998946948887,True
18,AVLT-Sum (8),37.64001857162154,False
19,AVLT-Sum (8),13.48601356470094,False
20,AVLT-Sum (8),31.5111200948145,False
21,AVLT-Sum (8),39.398110956054374,False
22,AVLT-Sum (8),25.975356071968747,False
23,AVLT-Sum (8),38.491371001878235,False
24,AVLT-Sum (8),58.345261122444796,False
25,AVLT-Sum (8),31.51643445721788,False
26,AVLT-Sum (8),22.735754365628594,False
27,AVLT-Sum (8),40.48773100743278,False
28,AVLT-Sum (8),35.115851446793734,False
29,AVLT-Sum (8),30.502185772306767,False
30,AVLT-Sum (8),30.25491689924648,False
31,AVLT-Sum (8),27.897817604803066,False
32,AVLT-Sum (8),57.52590941988408,True
33,AVLT-Sum (8),42.66985245057644,False
34,AVLT-Sum (8),36.327589424676724,False
35,AVLT-Sum (8),51.836140493326106,True
36,AVLT-Sum (8),37.700390856504015,True
37,AVLT-Sum (8),51.6250122628622,False
38,AVLT-Sum (8),51.22489597499114,False
39,AVLT-Sum (8),24.189422980844753,False
40,AVLT-Sum (8),48.18124073913674,False
41,AVLT-Sum (8),55.82164600460148,False
42,AVLT-Sum (8),34.083824802391256,False
43,AVLT-Sum (8),5.776233178166812,False
44,AVLT-Sum (8),55.83342623833462,False
45,AVLT-Sum (8),45.76297374812003,True
46,AVLT-Sum (8),64.28216505323722,False
47,AVLT-Sum (8),39.88791954119479,False
48,AVLT-Sum (8),48.19221775430974,False
49,AVLT-Sum (8),35.32487671122765,False
0,FUS-GMI (9),0.5703488362878144,False
1,FUS-GMI (9),0.6389372207350165,False
2,FUS-GMI (9),0.5357266890972506,False
3,FUS-GMI (9),0.7060426820882095,False
4,FUS-GMI (9),0.6502375891672908,False
5,FUS-GMI (9),0.6149746016899396,False
6,FUS-GMI (9),0.5837776609505216,False
7,FUS-GMI (9),0.4640330774936905,False
8,FUS-GMI (9),0.6028863933522096,False
9,FUS-GMI (9),0.5871839525649366,False
10,FUS-GMI (9),0.7642088021403484,False
11,FUS-GMI (9),0.609243656403148,False
12,FUS-GMI (9),0.5897419546535263,False
13,FUS-GMI (9),0.6692900460205891,False
14,FUS-GMI (9),0.598227387522948,False
15,FUS-GMI (9),0.5570757642973327,False
16,FUS-GMI (9),0.6130108240642063,False
17,FUS-GMI (9),0.5238606844501724,True
18,FUS-GMI (9),0.5201296009378719,False
19,FUS-GMI (9),0.5822215565295354,False
20,FUS-GMI (9),0.7162503073233124,False
21,FUS-GMI (9),0.7520440581711139,False
22,FUS-GMI (9),0.5513536487877834,False
23,FUS-GMI (9),0.6484048479026778,False
24,FUS-GMI (9),0.47752011620578977,False
25,FUS-GMI (9),0.7217935878366207,False
26,FUS-GMI (9),0.5101726177818272,False
27,FUS-GMI (9),0.524687777102308,False
28,FUS-GMI (9),0.5138502351120491,False
29,FUS-GMI (9),0.6518671561396603,False
30,FUS-GMI (9),0.5212430502143094,False
31,FUS-GMI (9),0.6407093999530512,False
32,FUS-GMI (9),0.5562108343219959,True
33,FUS-GMI (9),0.5208755426913052,False
34,FUS-GMI (9),0.6572527996213007,False
35,FUS-GMI (9),0.6108594854258073,True
36,FUS-GMI (9),0.6961754127975034,True
37,FUS-GMI (9),0.5479983109479154,False
38,FUS-GMI (9),0.6384921008196599,False
39,FUS-GMI (9),0.5113956110700737,False
40,FUS-GMI (9),0.49481788325603404,False
41,FUS-GMI (9),0.5522406271851122,False
42,FUS-GMI (9),0.6553777572249903,False
43,FUS-GMI (9),0.6141021533086563,False
44,FUS-GMI (9),0.5075719431217699,False
45,FUS-GMI (9),0.7179642537506843,True
46,FUS-GMI (9),0.6062316124404007,False
47,FUS-GMI (9),0.6181081710333362,False
48,FUS-GMI (9),0.5969145859682706,False
49,FUS-GMI (9),0.5821382385865919,False
0,FUS-FCI (10),-13.588019467002692,False
1,FUS-FCI (10),-8.058205271147699,False
2,FUS-FCI (10),-7.475929850806165,False
3,FUS-FCI (10),-13.970755605392602,False
4,FUS-FCI (10),-6.207062470274062,False
5,FUS-FCI (10),-8.08216870497397,False
6,FUS-FCI (10),-7.275978065024683,False
7,FUS-FCI (10),-11.134388749007924,False
8,FUS-FCI (10),-7.86342978436843,False
9,FUS-FCI (10),-12.712574739473467,False
10,FUS-FCI (10),-10.820445180216044,False
11,FUS-FCI (10),-15.087196841942825,False
12,FUS-FCI (10),-7.287605468539606,False
13,FUS-FCI (10),-9.482977696405824,False
14,FUS-FCI (10),-11.276961834204357,False
15,FUS-FCI (10),-13.20211397702474,False
16,FUS-FCI (10),-10.916871559867582,False
17,FUS-FCI (10),-11.867453785693755,True
18,FUS-FCI (10),-6.26578769884326,False
19,FUS-FCI (10),-10.494177061000316,False
20,FUS-FCI (10),-9.305426279472512,False
21,FUS-FCI (10),-11.7717498234172,False
22,FUS-FCI (10),-8.119201889439896,False
23,FUS-FCI (10),-5.714342018236437,False
24,FUS-FCI (10),-8.780515430841795,False
25,FUS-FCI (10),-12.979346827461018,False
26,FUS-FCI (10),-8.779380487590249,False
27,FUS-FCI (10),-14.338550318799353,False
28,FUS-FCI (10),-15.240709990748918,False
29,FUS-FCI (10),-8.810653706866717,False
30,FUS-FCI (10),-4.838461113526823,False
31,FUS-FCI (10),-8.076415276868428,False
32,FUS-FCI (10),-10.307598429527209,True
33,FUS-FCI (10),-7.775165419702262,False
34,FUS-FCI (10),-10.896555640327927,False
35,FUS-FCI (10),-8.145227610833558,True
36,FUS-FCI (10),-8.460261178608947,True
37,FUS-FCI (10),-5.001473964494079,False
38,FUS-FCI (10),-11.798864186948503,False
39,FUS-FCI (10),-9.585616779371007,False
40,FUS-FCI (10),-14.249744640638271,False
41,FUS-FCI (10),-11.573112261918288,False
42,FUS-FCI (10),-7.5856908280663164,False
43,FUS-FCI (10),-10.023443241082763,False
44,FUS-FCI (10),-14.692795328619543,False
45,FUS-FCI (10),-5.418798359957621,True
46,FUS-FCI (10),-8.246691830914203,False
47,FUS-FCI (10),-3.5890532105647024,False
48,FUS-FCI (10),-11.667620904712926,False
49,FUS-FCI (10),-9.015865157893556,False
