50,10,CN,AD
-11.911947242387685,5.137801348270417,129.70204957116724,-32.086909881847696,27.96317771002933,-4.171460215855957,0.2279138433190233,23.13533754570891,0.6369589268205538,-7.555145050191053,1
-15.022318369659772,6.957352704946044,305.27152664697644,-30.440532598230835,28.1198520020976,-4.892118086646779,0.5600517493179107,38.52674407950524,0.5814066654305642,-9.14539084084461,1
-1.4524543005837498,4.155400596671827,211.7449975475058,-15.212628482030627,28.512769616140773,-4.740670513368414,0.3020165483163241,62.93146413687504,0.7539901636272841,-12.588031293453149,1
-3.1707055737562673,6.887229990192721,116.62540175348694,-64.06412324841601,18.69330237503116,-22.254135390602407,-0.1595807765131107,16.016661640676876,0.5841383377795772,-11.4115081867636,1
2.0603579308901327,4.241945509100796,278.29229200843326,-18.673655760338097,27.87940222576143,-6.291888862772751,0.5790149754382679,49.425446316922034,0.6748956741280029,-12.770739921456247,1
-2.555423484780252,11.450127278535856,254.07041499097727,-12.858810220578029,29.055454215153272,-7.970314593431368,0.2089244854723285,54.58483514296406,0.6269668668253566,-4.637546639900016,1
0.8900770005130338,5.645941292782428,277.393569426776,9.81189203615753,27.73694323231412,-5.93598893845563,0.0725839656466894,34.41768809843436,0.6150949554997017,-10.653805745093493,1
-3.4234155078823494,0.5904315173179295,234.3394864329067,-25.32148996322453,27.99356151935035,-4.023914551075926,-0.0051342987470021,54.31322788535125,0.6448492386184889,-16.250847964765995,1
-11.757924089813953,6.609800253876784,177.44598816571477,-77.05745029851468,21.33489529278639,-19.567883784692295,-0.0747670101859003,22.44719638854611,0.5938419307795866,-11.65055458135355,1
-13.643945851013129,5.902409605200293,149.81069326036382,-110.90709486594876,28.701973383540672,-4.715647647604008,0.4455134230467413,42.45301503809112,0.6058604654394607,-10.229531781977505,1
-3.0696165483964997,1.2701423566303176,147.19579455383425,-58.91068190981834,23.951568387856668,-5.568123395763848,0.3775853817400123,38.57430686681071,0.7047341064406579,-8.624770995327697,1
-5.0212161393219406,-2.8656752454360515,274.6097287923891,-44.60874316007035,28.32230569971246,-4.938408616972799,-0.2400785293769134,48.16162942054143,0.7312899180041001,-10.645015668769329,1
6.183317337409699,0.657334430251062,133.8833230445659,-33.07222950607937,19.786948807821396,-13.701617873200608,0.6963666141856304,15.299660756965952,0.5280455700698772,-6.133150994505618,1
0.4133834530483256,8.438783908473134,147.71260159031962,-68.48819248767008,23.93304914970695,-25.48785564891567,0.3520865646248576,24.358093012794967,0.446292377403546,-23.014146429398096,1
4.562472652929602,2.488345318565943,151.0357384640733,-48.80268831745744,23.15404505365824,-22.687709740959036,0.4467415588600819,11.532380930217402,0.390682185875001,-2.2228133052142818,1
7.327602687705177,-0.0371909646257835,147.13696698339578,-75.95740408741354,21.92119854572297,-19.317942158124087,0.1598010059213998,29.65507683122615,0.4336559916047398,-14.512724872381437,1
-3.801711087893823,9.240487791740147,102.99964919753069,-28.854488873354754,22.164213261872217,-4.9414881258247725,0.6524495705306858,32.25784548151133,0.6609594904360595,-9.520231175541694,1
-5.460612841207541,3.0595164009067566,134.7986056266974,0.2706248259206418,19.988754296451987,-20.73944581267483,0.5338712522646487,19.1108433984879,0.5643904503018089,-12.672530876847247,1
-3.757265703349977,3.34433392910694,141.65771622775608,-90.4465166777932,21.2194804507012,-6.054143861027782,0.4471998219204015,27.34713313358417,0.5724332393557736,-8.774881032299943,1
-4.734694008849927,-0.2707755269418612,136.05749482073333,-45.773923805837,22.21087598262299,-4.022656995169118,0.4031707458440514,22.907874859618552,0.5480275346775955,-9.647415612935022,1
-10.31285664631628,4.114394184234914,139.75597925444404,-48.7117132771372,28.20699297700846,-6.040343812263088,0.6917250206709213,12.393477729230408,0.6107456793775796,-9.923915725418912,1
-4.836847279037985,1.5190159211046916,138.25719163105887,1.963221857107321,24.062389086157467,-18.081249530506327,0.6067349224833701,10.904321995695412,0.5743777496699847,-28.217522209030363,1
-12.688574517193157,3.861958289510871,165.22698068116944,-85.17947515808615,24.218479847424817,-3.816655991287235,0.6533444213013335,44.91209281984233,0.5183352837460506,-11.93455049960048,1
-11.492800180412148,4.0823065076506655,146.30515584694933,-70.68818967751459,26.22534936519608,-13.744413225709,0.3968534186743772,20.273337717351524,0.6476139712340873,-9.6316391937195,1
-20.798275912661182,10.848443659705836,252.42590438630435,-10.85090240087148,28.566567998600092,-7.852893321584544,0.093946271969806,26.57997066436108,0.6003684951526677,-18.21646133686824,1
-0.342846758957573,2.545975815622229,127.813782169477,-79.10062182122263,24.514387979046376,-23.457259009853782,0.047209750178543,13.608240471526674,0.5075208827066493,-8.955112323192823,1
-8.00573307158638,15.026220744618264,304.83011878061393,-13.535364728945934,28.265591514043393,-6.316686996273221,0.2858231438429977,61.46349056431063,0.5784013610252415,-10.29223103515642,1
8.554536822146764,11.288465585117676,262.3715733064799,-28.045489636486813,28.733102055320337,-6.9757378491983335,0.3969106747663549,52.642786406542704,0.4902539997551385,-7.72951736759714,0
2.798439282532363,12.756484167990598,325.49185779087725,-33.02612543633918,28.80870272171076,-3.6588870059270713,0.3542217499520368,57.731346080028416,0.6048952121635032,-8.860279222249668,0
-9.370706055177727,2.021786946259378,148.3280290114815,-26.202441364813794,18.707936008902404,-24.143735772389103,0.5258681230939423,24.044568347344384,0.6139557893214745,-12.90850447379373,1
6.0423462979978835,13.109413937201955,170.99922291592029,-46.478905339076206,28.514889781650258,-6.751755049575156,0.6853369772777954,66.44760141101392,0.5363271921484499,-3.4571208722664357,0
-8.636475886341149,5.027560185650947,165.18011771397258,1.7436633839832467,22.37707420697723,-18.72501447376382,0.0397749714576714,57.34650842150222,0.6622972247465945,-6.840292768023243,1
-14.484062741640413,7.627590720156768,161.9729406488416,-8.696219658620741,16.04319281646121,-4.913127512525341,0.2177551943919683,40.5760773057888,0.5911295317196311,-14.097344421329083,1
-0.4706768047871463,12.653333250552736,176.59307000049262,-13.54286152160254,24.07421187972201,-19.64977267712785,0.1233502248327668,17.853443551937744,0.5157001119956925,-25.83002278161736,1
-12.908261940503124,-0.2655595983517989,209.6985438746213,-17.57218446523881,29.0990738150993,-7.210747896358274,0.044941573519617,40.438671896395725,0.6008890591627963,-5.458588713556326,1
-6.540651101929754,8.570840165931772,163.1959391084853,-14.443359291777318,28.227675614146047,-4.349980161311326,0.2317966028379152,61.4868915887117,0.5959755810002869,-9.740675382920026,1
-5.2687417265216485,2.131936539353074,155.80589125342513,-49.98873422324222,27.609133872050705,-7.243725984452041,0.4792948992334037,50.098610905233045,0.5357517969887925,-2.2090550276936893,1
-14.481556259868984,5.276652577285122,221.5081617716415,-15.639316943321877,28.26540440979812,-6.3213602251676635,0.0514398463306312,34.07089783975922,0.620708417208537,-11.21291317493288,1
-5.898420568847007,-3.0342706149811036,153.69292692388836,-17.3304355223515,19.298285775039034,-22.82829872360107,0.4354930986599269,27.62822778131839,0.6431130616416733,-6.620339146016089,1
-3.8755276369515927,6.201467894039456,162.92738532959356,-21.95734442077545,27.16258221065831,-5.514485071122664,0.1358505498964917,33.87199642617446,0.6481081914966842,-6.104510241867502,1
1.901466269944529,5.319173289640659,146.1379562684143,-52.47624153098677,22.68647927726194,-15.373421497192869,0.4780524946489195,25.28714804696063,0.6318663220423123,-8.645098455644787,1
-8.674397282736933,7.949381756774917,144.11838154328436,-44.08026693840284,21.12173633561673,-28.43038298210145,0.2709110180560154,23.625221543011016,0.509392691723827,-7.548218037583617,1
5.775606096003074,5.918417265865021,178.84883596123703,7.614128595971096,21.026542356612364,-24.01933632868555,0.02741482899549,46.78890571415005,0.477882794234698,-8.176123070479658,1
0.1166408381539874,-2.0128375499839812,132.43013199335107,-20.79154099336501,28.498995178672295,-7.971520981924571,0.3043860973939418,46.84309430620612,0.6015985476362481,-12.505733164841653,1
-12.647695597254328,6.778626904037854,142.03852325576597,-46.61016120101723,23.32225861229033,-4.9369888729847275,0.0499836892871948,54.42716693419813,0.6796198456884379,-11.27786356925424,1
6.532761689687854,8.999386024431187,265.52110207669756,-20.2936902369,28.39424075029941,-8.219049234524258,0.4236694271862397,27.083403952574123,0.5224136410589286,-15.634608667121034,0
4.902481025825841,6.316528015375799,282.03241424086576,-29.766578847441913,28.007274746884775,-5.990491494209349,0.100917227207719,51.554329511155245,0.5322047990164933,-12.667107700331169,0
-4.225393907536771,12.742437997000982,176.1795956916906,-12.913363417190496,28.226925986347062,-5.727269787442936,0.0687099020112449,32.16280050937059,0.6154356341839641,-9.72638812078558,1
-9.503849203439424,4.299813675551704,154.2066121868504,-112.9805602976688,20.276251132431685,-22.71288022013241,0.0407279876642409,55.472049863103315,0.4592110972644389,-12.332913763391844,1
-2.9199571945440073,6.90886670989542,160.73423838917816,-40.47498340701499,21.830874597558648,-21.31389552250387,0.5594044626420447,65.23572533105606,0.5277865165456614,-12.524051099160197,1
